# A   C   D   E   F   G   H   I   K   L   M   N   P   Q   R   S   T   V   W   Y
 2.00 1.50 0.20 0.20 1.50 1.50 0.20 1.50 0.20 1.50 1.50 0.30 1.50 0.30 0.20 0.30 0.30 1.50 1.50 1.50
 1.50 2.00 0.20 0.20 1.50 1.50 0.20 1.50 0.20 1.50 1.50 0.30 1.50 0.30 0.20 0.30 0.30 1.50 1.50 1.50
 0.20 0.20 2.00 -0.50 0.20 0.20 1.20 0.20 1.20 0.20 0.20 0.40 0.20 0.40 1.20 0.40 0.40 0.20 0.20 0.20
 0.20 0.20 -0.50 2.00 0.20 0.20 1.20 0.20 1.20 0.20 0.20 0.40 0.20 0.40 1.20 0.40 0.40 0.20 0.20 0.20
 1.50 1.50 0.20 0.20 2.00 1.50 0.20 1.50 0.20 1.50 1.50 0.30 1.50 0.30 0.20 0.30 0.30 1.50 1.50 1.50
 1.50 1.50 0.20 0.20 1.50 2.00 0.20 1.50 0.20 1.50 1.50 0.30 1.50 0.30 0.20 0.30 0.30 1.50 1.50 1.50
 0.20 0.20 1.20 1.20 0.20 0.20 2.00 0.20 -0.50 0.20 0.20 0.40 0.20 0.40 -0.50 0.40 0.40 0.20 0.20 0.20
 1.50 1.50 0.20 0.20 1.50 1.50 0.20 2.00 0.20 1.50 1.50 0.30 1.50 0.30 0.20 0.30 0.30 1.50 1.50 1.50
 0.20 0.20 1.20 1.20 0.20 0.20 -0.50 0.20 2.00 0.20 0.20 0.40 0.20 0.40 -0.50 0.40 0.40 0.20 0.20 0.20
 1.50 1.50 0.20 0.20 1.50 1.50 0.20 1.50 0.20 2.00 1.50 0.30 1.50 0.30 0.20 0.30 0.30 1.50 1.50 1.50
 1.50 1.50 0.20 0.20 1.50 1.50 0.20 1.50 0.20 1.50 2.00 0.30 1.50 0.30 0.20 0.30 0.30 1.50 1.50 1.50
 0.30 0.30 0.40 0.40 0.30 0.30 0.40 0.30 0.40 0.30 0.30 2.00 0.30 0.80 0.40 0.80 0.80 0.30 0.30 0.30
 1.50 1.50 0.20 0.20 1.50 1.50 0.20 1.50 0.20 1.50 1.50 0.30 2.00 0.30 0.20 0.30 0.30 1.50 1.50 1.50
 0.30 0.30 0.40 0.40 0.30 0.30 0.40 0.30 0.40 0.30 0.30 0.80 0.30 2.00 0.40 0.80 0.80 0.30 0.30 0.30
 0.20 0.20 1.20 1.20 0.20 0.20 -0.50 0.20 -0.50 0.20 0.20 0.40 0.20 0.40 2.00 0.40 0.40 0.20 0.20 0.20
 0.30 0.30 0.40 0.40 0.30 0.30 0.40 0.30 0.40 0.30 0.30 0.80 0.30 0.80 0.40 2.00 0.80 0.30 0.30 0.30
 0.30 0.30 0.40 0.40 0.30 0.30 0.40 0.30 0.40 0.30 0.30 0.80 0.30 0.80 0.40 0.80 2.00 0.30 0.30 0.30
 1.50 1.50 0.20 0.20 1.50 1.50 0.20 1.50 0.20 1.50 1.50 0.30 1.50 0.30 0.20 0.30 0.30 2.00 1.50 1.50
 1.50 1.50 0.20 0.20 1.50 1.50 0.20 1.50 0.20 1.50 1.50 0.30 1.50 0.30 0.20 0.30 0.30 1.50 2.00 1.50
 1.50 1.50 0.20 0.20 1.50 1.50 0.20 1.50 0.20 1.50 1.50 0.30 1.50 0.30 0.20 0.30 0.30 1.50 1.50 2.00
